0.0010 0.9964
0.0010 1.0022
0.0010 1.0080
0.0010 1.0138
0.0010 1.0197
0.0010 1.0256
0.0010 1.0316
0.0010 1.0376
0.0010 1.0436
0.0011 1.0496
0.0011 1.0557
0.0011 1.0618
0.0011 1.0679
0.0011 1.0741
0.0011 1.0803
0.0011 1.0865
0.0011 1.0922
0.0011 1.0979
0.0011 1.1037
0.0011 1.1095
0.0011 1.1153
0.0011 1.1212
0.0011 1.1271
0.0011 1.1330
0.0011 1.1389
0.0012 1.1449
0.0012 1.1509
0.0012 1.1569
0.0012 1.1630
0.0012 1.1690
0.0012 1.2534
0.0012 1.0472
0.0012 0.8741
0.0012 1.0558
0.0012 1.3247
0.0012 1.3831
0.0012 1.1669
0.0012 1.1752
0.0012 1.1835
0.0012 1.1919
0.0013 1.2004
0.0013 1.2089
0.0013 1.2175
0.0013 1.2262
0.0013 1.2349
0.0013 1.2437
0.0013 1.2526
0.0013 1.2616
0.0013 1.2706
0.0013 1.2796
0.0013 1.2888
0.0013 1.2980
0.0013 1.3073
0.0014 1.3167
0.0014 1.3261
0.0014 1.3356
0.0014 1.3452
0.0014 1.3548
0.0014 1.3646
0.0014 1.3744
0.0014 1.3842
0.0014 1.3942
0.0014 1.4042
0.0014 1.4143
0.0014 1.4245
0.0014 1.4348
0.0015 1.4451
0.0015 1.4555
0.0015 1.4660
0.0015 1.4766
0.0015 1.4872
0.0015 1.4978
0.0015 1.5068
0.0015 1.5158
0.0015 1.5248
0.0015 1.5339
0.0015 1.5266
0.0016 1.5372
0.0016 1.5479
0.0016 1.5587
0.0016 1.5696
0.0016 1.5805
0.0016 1.5915
0.0016 1.6026
0.0016 1.6135
0.0016 1.6230
0.0016 1.6326
0.0016 1.6423
0.0017 1.6520
0.0017 1.6618
0.0017 1.6717
0.0017 1.6816
0.0017 1.6805
0.0017 1.6909
0.0017 1.7013
0.0017 1.7118
0.0017 1.7224
0.0017 1.7330
0.0018 1.7437
0.0018 1.7545
0.0018 1.7653
0.0018 1.7762
0.0018 1.7860
0.0018 1.7957
0.0018 1.8055
0.0018 1.8154
0.0018 1.8253
0.0018 1.8353
0.0019 1.8453
0.0019 1.8553
0.0019 1.8654
0.0019 1.8761
0.0019 1.8867
0.0019 1.8973
0.0019 1.9080
0.0019 1.9187
0.0019 1.9295
0.0020 1.9403
0.0020 1.9512
0.0020 1.9622
0.0020 1.9732
0.0020 1.9843
0.0020 1.9958
0.0020 2.0074
0.0020 2.0191
0.0020 2.0309
0.0021 2.0427
0.0021 2.0546
0.0021 2.0665
0.0021 2.0786
0.0021 2.0907
0.0021 2.1028
0.0021 2.1151
0.0021 2.1273
0.0022 2.1397
0.0022 2.1521
0.0022 2.1646
0.0022 2.1772
0.0022 2.1898
0.0022 2.2025
0.0022 2.2153
0.0022 2.2281
0.0023 2.2410
0.0023 2.2540
0.0023 2.2670
0.0023 2.2801
0.0023 2.2933
0.0023 2.3065
0.0023 2.3198
0.0023 2.3332
0.0024 2.3466
0.0024 2.3601
0.0024 2.3737
0.0024 2.3873
0.0024 2.4010
0.0024 2.4148
0.0024 2.4286
0.0025 2.4425
0.0025 2.4565
0.0025 2.4558
0.0025 2.4698
0.0025 2.4839
0.0025 2.4980
0.0025 2.5122
0.0026 2.5264
0.0026 2.5408
0.0026 2.5552
0.0026 2.5696
0.0026 2.5842
0.0026 2.5988
0.0026 2.6135
0.0027 2.6282
0.0027 2.6431
0.0027 2.6580
0.0027 2.6729
0.0027 2.6880
0.0027 2.7031
0.0028 2.7183
0.0028 2.7335
0.0028 2.7489
0.0028 2.7643
0.0028 2.7798
0.0028 2.7954
0.0028 2.8110
0.0029 2.8267
0.0029 2.8425
0.0029 2.8584
0.0029 2.8744
0.0029 2.8904
0.0029 2.9065
0.0030 2.9228
0.0030 2.9390
0.0030 2.9554
0.0030 2.9725
0.0030 2.9898
0.0030 3.0072
0.0031 3.0247
0.0031 3.0422
0.0031 3.0599
0.0031 3.0777
0.0031 3.0955
0.0032 3.1135
0.0032 3.1315
0.0032 3.1496
0.0032 3.1678
0.0032 3.1861
0.0032 3.2045
0.0033 3.2230
0.0033 3.2416
0.0033 3.2602
0.0033 3.2790
0.0033 3.2978
0.0034 3.3168
0.0034 3.3358
0.0034 3.3549
0.0034 3.3741
0.0034 3.3934
0.0035 3.4127
0.0035 3.4322
0.0035 3.4517
0.0035 3.4714
0.0035 3.4911
0.0036 3.5109
0.0036 3.5308
0.0036 3.5508
0.0036 3.5708
0.0036 3.5910
0.0037 3.6112
0.0037 3.6315
0.0037 3.6519
0.0037 3.6724
0.0037 3.6929
0.0038 3.7136
0.0038 3.7343
0.0038 3.7551
0.0038 3.7760
0.0039 3.7969
0.0039 3.8180
0.0039 3.8391
0.0039 3.8603
0.0039 3.8816
0.0040 3.9029
0.0040 3.9244
0.0040 3.9465
0.0040 3.9693
0.0041 3.9922
0.0041 4.0152
0.0041 4.0382
0.0041 4.0614
0.0042 4.0847
0.0042 4.1080
0.0042 4.1315
0.0042 4.1550
0.0042 4.1787
0.0043 4.2024
0.0043 4.2262
0.0043 4.2501
0.0043 4.2742
0.0044 4.2983
0.0044 4.3225
0.0044 4.3468
0.0044 4.3712
0.0045 4.3957
0.0045 4.4203
0.0045 4.4450
0.0045 4.4698
0.0046 4.4947
0.0046 4.5197
0.0046 4.5448
0.0047 4.5700
0.0047 4.5953
0.0047 4.6207
0.0047 4.6462
0.0048 4.6718
0.0048 4.6976
0.0048 4.7234
0.0048 4.7493
0.0049 4.7754
0.0049 4.8015
0.0049 4.8278
0.0050 4.8542
0.0050 4.8806
0.0050 4.9076
0.0050 4.9352
0.0051 4.9629
0.0051 4.9907
0.0051 5.0187
0.0052 5.0468
0.0052 5.0750
0.0052 5.1033
0.0052 5.1317
0.0053 5.1603
0.0053 5.1890
0.0053 5.2179
0.0054 5.2469
0.0054 5.2760
0.0054 5.3052
0.0055 5.3346
0.0055 5.3641
0.0055 5.3938
0.0056 5.4236
0.0056 5.4535
0.0056 5.4836
0.0057 5.5138
0.0057 5.5442
0.0057 5.5747
0.0057 5.6054
0.0058 5.6362
0.0058 5.6672
0.0058 5.6983
0.0059 5.7296
0.0059 5.7610
0.0060 5.7926
0.0060 5.8243
0.0060 5.8563
0.0061 5.8885
0.0061 5.9209
0.0061 5.9534
0.0062 5.9862
0.0062 6.0190
0.0062 6.0521
0.0063 6.0853
0.0063 6.1186
0.0063 6.1522
0.0064 6.1859
0.0064 6.2198
0.0064 6.2538
0.0065 6.2880
0.0065 6.3224
0.0066 6.3570
0.0066 6.3917
0.0066 6.4266
0.0067 6.4617
0.0067 6.4969
0.0067 6.5323
0.0068 6.5679
0.0068 6.6037
0.0069 6.6396
0.0069 6.6758
0.0069 6.7121
0.0070 6.7486
0.0070 6.7852
0.0071 6.8220
0.0071 6.8591
0.0071 6.8963
0.0072 6.9336
0.0072 6.9712
0.0073 6.1859
0.0073 6.2793
0.0074 6.3742
0.0074 6.4704
0.0074 6.5682
0.0075 6.6675
0.0075 6.7682
0.0076 6.8706
0.0076 6.9306
0.0077 6.9703
0.0077 7.0102
0.0077 7.0504
0.0078 7.0907
0.0078 7.1313
0.0079 7.1721
0.0079 7.2131
0.0080 6.9655
0.0080 7.1340
0.0081 7.1747
0.0081 7.2157
0.0081 7.2570
0.0082 7.2984
0.0082 7.3401
0.0083 7.3820
0.0083 7.4242
0.0084 7.4205
0.0084 7.4656
0.0085 7.5109
0.0085 7.5564
0.0086 7.6023
0.0086 7.6484
0.0087 7.6948
0.0087 7.7414
0.0088 7.7884
0.0088 7.8356
0.0089 7.8831
0.0089 7.9309
0.0090 7.9789
0.0090 8.0273
0.0091 8.0759
0.0091 8.1248
0.0092 8.1740
0.0092 8.2235
0.0093 8.2733
0.0093 8.3234
0.0094 8.3738
0.0095 8.4245
0.0095 8.4755
0.0096 8.5268
0.0096 8.5784
0.0097 8.6303
0.0097 8.6825
0.0098 8.7350
0.0098 8.7878
0.0099 8.8409
0.0100 8.8944
0.0100 8.9484
0.0101 9.0040
0.0101 9.0598
0.0102 9.1161
0.0102 9.1726
0.0103 9.2295
0.0104 9.2868
0.0104 9.3443
0.0105 9.4022
0.0105 9.4605
0.0106 9.5191
0.0107 9.5780
0.0107 9.6373
0.0108 9.6969
0.0108 9.7568
0.0109 9.8171
0.0110 9.8777
0.0110 9.9387
0.0111 10.0000
0.0112 10.0617
0.0112 10.1237
0.0113 10.1861
0.0114 10.2488
0.0114 10.3118
0.0115 10.3752
0.0115 10.4389
0.0116 10.5030
0.0117 10.5674
0.0117 10.6322
0.0118 10.6973
0.0119 10.7628
0.0120 10.8286
0.0120 10.8947
0.0121 10.9612
0.0122 11.0281
0.0122 11.0952
0.0123 11.1628
0.0124 11.2306
0.0124 11.2989
0.0125 11.3674
0.0126 11.4363
0.0127 11.5056
0.0127 11.5752
0.0128 11.6451
0.0129 11.7154
0.0129 11.7860
0.0130 11.8570
0.0131 11.9282
0.0132 11.9999
0.0132 12.0718
0.0133 12.1441
0.0134 12.2167
0.0135 12.2897
0.0136 12.3630
0.0136 12.4366
0.0137 12.5105
0.0138 12.5848
0.0139 12.6594
0.0139 12.7343
0.0140 12.8095
0.0141 12.8850
0.0142 12.9608
0.0143 13.0369
0.0143 13.1133
0.0144 13.1900
0.0145 13.2670
0.0146 13.3443
0.0147 13.4219
0.0148 13.4997
0.0149 13.5778
0.0149 13.6561
0.0150 13.7353
0.0151 13.8165
0.0152 13.8980
0.0153 13.9797
0.0154 14.0616
0.0155 14.1438
0.0155 14.2263
0.0156 14.3089
0.0157 14.3918
0.0158 14.4748
0.0159 14.5581
0.0160 14.6415
0.0161 14.7250
0.0162 14.8088
0.0163 14.8926
0.0164 14.9766
0.0165 15.0607
0.0166 15.1448
0.0166 15.2291
0.0167 15.3133
0.0168 15.3976
0.0169 15.4820
0.0170 15.5663
0.0171 15.6505
0.0172 15.7347
0.0173 15.8189
0.0174 15.9029
0.0175 15.9868
0.0176 16.0705
0.0177 16.1541
0.0178 16.2374
0.0179 16.3205
0.0180 16.4033
0.0181 16.4859
0.0182 16.5680
0.0183 16.6499
0.0185 16.7313
0.0186 16.8123
0.0187 16.8928
0.0188 16.9729
0.0189 17.0524
0.0190 17.1313
0.0191 17.2096
0.0192 17.2873
0.0193 17.3644
0.0194 17.4407
0.0195 17.5162
0.0197 17.5910
0.0198 17.6650
0.0199 17.7380
0.0200 17.8102
0.0201 17.8855
0.0202 17.9602
0.0203 18.0339
0.0205 18.1066
0.0206 18.1781
0.0207 18.2485
0.0208 18.3177
0.0209 18.3857
0.0210 18.4524
0.0212 18.5179
0.0213 18.5820
0.0214 18.6448
0.0215 18.7061
0.0217 18.7660
0.0218 18.8245
0.0219 18.8814
0.0220 18.9368
0.0222 18.9906
0.0223 19.0428
0.0224 19.0933
0.0225 19.1422
0.0227 19.1894
0.0228 19.2349
0.0229 19.2786
0.0231 19.3206
0.0232 19.3608
0.0233 19.3991
0.0235 19.4356
0.0236 19.4702
0.0237 19.5029
0.0239 19.5337
0.0240 19.5626
0.0241 19.5896
0.0243 19.6146
0.0244 19.6377
0.0246 19.6587
0.0247 19.6778
0.0248 19.6949
0.0250 19.7100
0.0251 19.7230
0.0253 19.7341
0.0254 19.7431
0.0256 19.7501
0.0257 19.7550
0.0259 19.7580
0.0260 19.7589
0.0262 19.7578
0.0263 19.7546
0.0265 19.7495
0.0266 19.7423
0.0268 19.7331
0.0269 19.7219
0.0271 19.7087
0.0272 19.6936
0.0274 19.6764
0.0275 19.6573
0.0277 19.6363
0.0278 19.6133
0.0280 19.5884
0.0282 19.5616
0.0283 19.5330
0.0285 19.5024
0.0287 19.4700
0.0288 19.4358
0.0290 19.3998
0.0292 19.3619
0.0293 19.3223
0.0295 19.2810
0.0297 19.2379
0.0298 19.1932
0.0300 19.1467
0.0302 19.1010
0.0303 19.0537
0.0305 19.0047
0.0307 18.9541
0.0309 18.9018
0.0310 18.8480
0.0312 18.7926
0.0314 18.7357
0.0316 18.6772
0.0318 18.6173
0.0319 18.5559
0.0321 18.4931
0.0323 18.4290
0.0325 18.3634
0.0327 18.2965
0.0329 18.2283
0.0331 18.1588
0.0332 18.0881
0.0334 18.0161
0.0336 17.9430
0.0338 17.8687
0.0340 17.7932
0.0342 17.7167
0.0344 17.6391
0.0346 17.5604
0.0348 17.4807
0.0350 17.4001
0.0352 17.3185
0.0354 17.2359
0.0356 17.1525
0.0358 17.0682
0.0360 16.9831
0.0362 16.8971
0.0364 16.8104
0.0366 16.7229
0.0369 16.6347
0.0371 16.5458
0.0373 16.4563
0.0375 16.3660
0.0377 16.2752
0.0379 16.1838
0.0381 16.0919
0.0384 15.9993
0.0386 15.9063
0.0388 15.8128
0.0390 15.7189
0.0392 15.6245
0.0395 15.5297
0.0397 15.4346
0.0399 15.3391
0.0401 15.2441
0.0404 15.1494
0.0406 15.0543
0.0408 14.9590
0.0411 14.8634
0.0413 14.7675
0.0416 14.6715
0.0418 14.5752
0.0420 14.4788
0.0423 14.3822
0.0425 14.2856
0.0428 14.1888
0.0430 14.0919
0.0432 13.9950
0.0435 13.8981
0.0437 13.8011
0.0440 13.7041
0.0442 13.6072
0.0445 13.5103
0.0448 13.4135
0.0450 13.3168
0.0453 13.2201
0.0455 13.1236
0.0458 13.0272
0.0461 12.9309
0.0463 12.8349
0.0466 12.7390
0.0469 12.6433
0.0471 12.5478
0.0474 12.4525
0.0477 12.3575
0.0479 12.2627
0.0482 12.1682
0.0485 12.0740
0.0488 11.9800
0.0490 11.8864
0.0493 11.7931
0.0496 11.7001
0.0499 11.6074
0.0502 11.5143
0.0505 12.3572
0.0508 12.4540
0.0510 12.5505
0.0513 12.6465
0.0516 12.7422
0.0519 12.8375
0.0522 12.9323
0.0525 13.0267
0.0528 13.1207
0.0531 13.2142
0.0534 13.3072
0.0537 13.3997
0.0540 13.4918
0.0544 13.5833
0.0547 13.6743
0.0550 13.7647
0.0553 13.8546
0.0556 13.9439
0.0559 14.0327
0.0563 14.1209
0.0566 14.2085
0.0569 14.2955
0.0572 14.3819
0.0576 14.4676
0.0579 14.5528
0.0582 14.6373
0.0586 14.7211
0.0589 14.8044
0.0592 14.8869
0.0596 14.9688
0.0599 15.0500
0.0602 15.0974
0.0606 15.1310
0.0609 15.1636
0.0613 15.1951
0.0616 15.2256
0.0620 15.2551
0.0623 15.2835
0.0627 15.3110
0.0631 15.3375
0.0634 15.3630
0.0638 15.3874
0.0642 15.4109
0.0645 15.4335
0.0649 15.4550
0.0653 15.4756
0.0656 15.4952
0.0660 15.5139
0.0664 15.5317
0.0668 15.5485
0.0672 15.5643
0.0675 15.5793
0.0679 15.5933
0.0683 15.6064
0.0687 15.6186
0.0691 15.6300
0.0695 15.6404
0.0699 15.6500
0.0703 15.6587
0.0707 15.6666
0.0711 15.6735
0.0715 15.6797
0.0719 15.6850
0.0723 15.6895
0.0728 15.6932
0.0732 15.6961
0.0736 15.6982
0.0740 15.6994
0.0744 15.7000
0.0749 15.6997
0.0753 15.6987
0.0757 15.6969
0.0762 15.6944
0.0766 15.6911
0.0770 15.6871
0.0775 15.6824
0.0779 15.6770
0.0784 15.6709
0.0788 15.6641
0.0793 15.6567
0.0797 15.6485
0.0802 15.6264
0.0806 15.5832
0.0811 15.5394
0.0816 15.4950
0.0820 15.4502
0.0825 15.4047
0.0830 15.3587
0.0835 15.3122
0.0839 15.2651
0.0844 15.2175
0.0849 15.1693
0.0854 15.1206
0.0859 15.0713
0.0864 15.0215
0.0869 14.9711
0.0874 14.9202
0.0879 14.8687
0.0884 14.8167
0.0889 14.7641
0.0894 14.7110
0.0899 14.6574
0.0904 14.6032
0.0909 14.5485
0.0914 14.4932
0.0920 14.4374
0.0925 14.3811
0.0930 14.3242
0.0936 14.2668
0.0941 14.2089
0.0946 14.1504
0.0952 14.0915
0.0957 14.0320
0.0963 13.9719
0.0968 13.9114
0.0974 13.8504
0.0979 13.7888
0.0985 13.7267
0.0991 13.6641
0.0996 13.6011
0.1002 13.5367
0.1008 13.4703
0.1014 13.4035
0.1019 13.3363
0.1025 13.2687
0.1031 13.2006
0.1037 13.1322
0.1043 13.0635
0.1049 12.9944
0.1055 12.9250
0.1061 12.8553
0.1067 12.7854
0.1073 12.7151
0.1079 12.6447
0.1086 12.5739
0.1092 12.5030
0.1098 12.4319
0.1104 12.3606
0.1111 12.2891
0.1117 12.2175
0.1123 12.1458
0.1130 12.0739
0.1136 12.0020
0.1143 11.9299
0.1149 11.8578
0.1156 11.7856
0.1163 11.7134
0.1169 11.6411
0.1176 11.5688
0.1183 11.4966
0.1189 11.4243
0.1196 11.3520
0.1203 11.2798
0.1210 11.2076
0.1217 11.1355
0.1224 11.0634
0.1231 10.9914
0.1238 10.9195
0.1245 10.8477
0.1252 10.7760
0.1259 10.7045
0.1267 10.6330
0.1274 10.5618
0.1281 10.4906
0.1289 10.4196
0.1296 10.3488
0.1303 10.2782
0.1311 10.2078
0.1318 10.1375
0.1326 10.0675
0.1334 9.9976
0.1341 9.9280
0.1349 9.8587
0.1357 9.7895
0.1364 9.7206
0.1372 9.6520
0.1380 9.5836
0.1388 9.5154
0.1396 9.4476
0.1404 9.3800
0.1412 9.3127
0.1420 9.2457
0.1428 9.1790
0.1436 9.1126
0.1445 9.0464
0.1453 8.9806
0.1461 8.9151
0.1470 8.8500
0.1478 8.7851
0.1487 8.7206
0.1495 8.6564
0.1504 8.5930
0.1512 8.5304
0.1521 8.4682
0.1530 8.4063
0.1538 8.3448
0.1547 8.2835
0.1556 8.2227
0.1565 8.1621
0.1574 8.1019
0.1583 8.0421
0.1592 7.9826
0.1601 7.9234
0.1610 7.8646
0.1620 7.8061
0.1629 7.7480
0.1638 7.6902
0.1648 7.6328
0.1657 7.5757
0.1667 7.5190
0.1676 7.4626
0.1686 7.4066
0.1695 7.3509
0.1705 7.2956
0.1715 7.2407
0.1725 7.1861
0.1735 7.1318
0.1745 7.0779
0.1755 7.0244
0.1765 6.9712
0.1775 6.9183
0.1785 6.8658
0.1795 6.8137
0.1805 6.7619
0.1816 6.7105
0.1826 6.6594
0.1837 6.6087
0.1847 6.5584
0.1858 6.5083
0.1868 6.4587
0.1879 6.4094
0.1890 6.3604
0.1901 6.3118
0.1912 6.2635
0.1923 6.2156
0.1934 6.1680
0.1945 6.1208
0.1956 6.0739
0.1967 6.0273
0.1978 5.9811
0.1990 5.9353
0.2001 5.8902
0.2013 5.8493
0.2024 5.8088
0.2036 5.7685
0.2047 5.7286
0.2059 5.6888
0.2071 5.6494
0.2083 5.6102
0.2095 5.5713
0.2107 5.5326
0.2119 5.4943
0.2131 5.4561
0.2143 5.4183
0.2155 5.3807
0.2168 5.3433
0.2180 5.3063
0.2193 5.2694
0.2205 5.2329
0.2218 5.1966
0.2231 5.1605
0.2243 5.1247
0.2256 5.0891
0.2269 5.0538
0.2282 5.0188
0.2295 4.9839
0.2308 4.9494
0.2322 4.9151
0.2335 4.8810
0.2348 4.8471
0.2362 4.8135
0.2375 4.7802
0.2389 4.7471
0.2403 4.7142
0.2416 4.6815
0.2430 4.6491
0.2444 4.6169
0.2458 4.5850
0.2472 4.5533
0.2487 4.5218
0.2501 4.4905
0.2515 4.4595
0.2530 4.4287
0.2544 4.3981
0.2559 4.3677
0.2573 4.3376
0.2588 4.3076
0.2603 4.2779
0.2618 4.2485
0.2633 4.2192
0.2648 4.1901
0.2663 4.1613
0.2678 4.1327
0.2694 4.1043
0.2709 4.0761
0.2725 4.0481
0.2740 4.0203
0.2756 3.9927
0.2772 3.9653
0.2788 3.9381
0.2804 3.9112
0.2820 3.8844
0.2836 3.8578
0.2852 3.8315
0.2869 3.8053
0.2885 3.7793
0.2902 3.7536
0.2918 3.7280
0.2935 3.7026
0.2952 3.6774
0.2969 3.6524
0.2986 3.6276
0.3003 3.6084
0.3020 3.6180
