0.0010 1.0000
0.0010 1.0057
0.0010 1.0115
0.0010 1.0173
0.0010 1.0231
0.0010 1.0290
0.0010 1.0349
0.0010 1.0408
0.0010 1.0468
0.0011 1.0528
0.0011 1.0588
0.0011 1.0649
0.0011 1.0710
0.0011 1.0771
0.0011 1.0833
0.0011 1.0895
0.0011 1.0958
0.0011 1.1021
0.0011 1.1084
0.0011 1.1147
0.0011 1.1211
0.0011 1.1275
0.0011 1.1340
0.0011 1.1405
0.0011 1.1470
0.0012 1.1536
0.0012 1.1602
0.0012 1.1669
0.0012 1.1736
0.0012 1.1803
0.0012 1.1871
0.0012 1.1939
0.0012 1.2007
0.0012 1.2076
0.0012 1.2145
0.0012 1.2215
0.0012 1.2285
0.0012 1.2355
0.0012 1.2426
0.0012 1.2497
0.0013 1.2569
0.0013 1.2641
0.0013 1.2713
0.0013 1.2786
0.0013 1.2860
0.0013 1.2933
0.0013 1.3008
0.0013 1.3082
0.0013 1.3157
0.0013 1.3232
0.0013 1.3308
0.0013 1.3385
0.0013 1.3461
0.0014 1.3539
0.0014 1.3616
0.0014 1.3694
0.0014 1.3773
0.0014 1.3852
0.0014 1.3931
0.0014 1.4011
0.0014 1.4091
0.0014 1.4172
0.0014 1.4253
0.0014 1.4335
0.0014 1.4417
0.0014 1.4500
0.0015 1.4583
0.0015 1.4666
0.0015 1.4751
0.0015 1.4835
0.0015 1.4920
0.0015 1.5006
0.0015 1.5092
0.0015 1.5178
0.0015 1.5265
0.0015 1.5353
0.0015 1.5441
0.0016 1.5529
0.0016 1.5618
0.0016 1.5708
0.0016 1.5798
0.0016 1.5888
0.0016 1.5980
0.0016 1.6071
0.0016 1.6163
0.0016 1.6256
0.0016 1.6349
0.0016 1.6443
0.0017 1.6537
0.0017 1.6632
0.0017 1.6727
0.0017 1.6823
0.0017 1.6920
0.0017 1.7017
0.0017 1.7114
0.0017 1.7212
0.0017 1.7311
0.0017 1.7410
0.0018 1.7510
0.0018 1.7610
0.0018 1.7711
0.0018 1.7813
0.0018 1.7915
0.0018 1.8018
0.0018 1.8121
0.0018 1.8225
0.0018 1.8329
0.0018 1.8434
0.0019 1.8540
0.0019 1.8646
0.0019 1.8753
0.0019 1.8861
0.0019 1.8969
0.0019 1.9077
0.0019 1.9187
0.0019 1.9297
0.0019 1.9407
0.0020 1.9519
0.0020 1.9631
0.0020 1.9743
0.0020 1.9856
0.0020 1.9970
0.0020 2.0085
0.0020 2.0200
0.0020 2.0316
0.0020 2.0432
0.0021 2.0549
0.0021 2.0667
0.0021 2.0785
0.0021 2.0905
0.0021 2.1024
0.0021 2.1145
0.0021 2.1266
0.0021 2.1388
0.0022 2.1511
0.0022 2.1634
0.0022 2.1758
0.0022 2.1883
0.0022 2.2008
0.0022 2.2134
0.0022 2.2261
0.0022 2.2389
0.0023 2.2517
0.0023 2.2646
0.0023 2.2776
0.0023 2.2907
0.0023 2.3038
0.0023 2.3170
0.0023 2.3303
0.0023 2.3436
0.0024 2.3571
0.0024 2.3706
0.0024 2.3842
0.0024 2.3978
0.0024 2.4116
0.0024 2.4254
0.0024 2.4393
0.0025 2.4533
0.0025 2.4674
0.0025 2.4815
0.0025 2.4957
0.0025 2.5100
0.0025 2.5244
0.0025 2.5389
0.0026 2.5534
0.0026 2.5681
0.0026 2.5828
0.0026 2.5976
0.0026 2.6125
0.0026 2.6275
0.0026 2.6425
0.0027 2.6577
0.0027 2.6729
0.0027 2.6882
0.0027 2.7037
0.0027 2.7192
0.0027 2.7347
0.0028 2.7504
0.0028 2.7662
0.0028 2.7820
0.0028 2.7980
0.0028 2.8140
0.0028 2.8302
0.0028 2.8464
0.0029 2.8627
0.0029 2.8791
0.0029 2.8956
0.0029 2.9122
0.0029 2.9289
0.0029 2.9457
0.0030 2.9626
0.0030 2.9796
0.0030 2.9967
0.0030 3.0138
0.0030 3.0311
0.0030 3.0485
0.0031 3.0660
0.0031 3.0835
0.0031 3.1012
0.0031 3.1190
0.0031 3.1369
0.0032 3.1549
0.0032 3.1729
0.0032 3.1911
0.0032 3.2094
0.0032 3.2278
0.0032 3.2463
0.0033 3.2649
0.0033 3.2836
0.0033 3.3025
0.0033 3.3214
0.0033 3.3404
0.0034 3.3596
0.0034 3.3788
0.0034 3.3982
0.0034 3.4177
0.0034 3.4373
0.0035 3.4570
0.0035 3.4768
0.0035 3.4967
0.0035 3.5168
0.0035 3.5369
0.0036 3.5572
0.0036 3.5776
0.0036 3.5981
0.0036 3.6187
0.0036 3.6395
0.0037 3.6604
0.0037 3.6813
0.0037 3.7024
0.0037 3.7237
0.0037 3.7450
0.0038 3.7665
0.0038 3.7881
0.0038 3.8098
0.0038 3.8316
0.0039 3.8536
0.0039 3.8757
0.0039 3.8979
0.0039 3.9202
0.0039 3.9427
0.0040 3.9653
0.0040 3.9881
0.0040 4.0109
0.0040 4.0339
0.0041 4.0570
0.0041 4.0803
0.0041 4.1037
0.0041 4.1272
0.0042 4.1509
0.0042 4.1747
0.0042 4.1986
0.0042 4.2227
0.0042 4.2469
0.0043 4.2712
0.0043 4.2957
0.0043 4.3203
0.0043 4.3451
0.0044 4.3700
0.0044 4.3950
0.0044 4.4202
0.0044 4.4456
0.0045 4.4711
0.0045 4.4967
0.0045 4.5225
0.0045 4.5484
0.0046 4.5745
0.0046 4.6007
0.0046 4.6271
0.0047 4.6536
0.0047 4.6803
0.0047 4.7071
0.0047 4.7341
0.0048 4.7612
0.0048 4.7885
0.0048 4.8160
0.0048 4.8436
0.0049 4.8713
0.0049 4.8993
0.0049 4.9273
0.0050 4.9556
0.0050 4.9840
0.0050 5.0126
0.0050 5.0413
0.0051 5.0702
0.0051 5.0993
0.0051 5.1285
0.0052 5.1579
0.0052 5.1875
0.0052 5.2172
0.0052 5.2471
0.0053 5.2772
0.0053 5.3074
0.0053 5.3379
0.0054 5.3685
0.0054 5.3992
0.0054 5.4302
0.0055 5.4613
0.0055 5.4926
0.0055 5.5241
0.0056 5.5558
0.0056 5.5876
0.0056 5.6197
0.0057 5.6519
0.0057 5.6843
0.0057 5.7169
0.0057 5.7496
0.0058 5.7826
0.0058 5.8157
0.0058 5.8491
0.0059 5.8826
0.0059 5.9163
0.0060 5.9502
0.0060 5.9844
0.0060 6.0187
0.0061 6.0532
0.0061 6.0879
0.0061 6.1228
0.0062 6.1579
0.0062 6.1932
0.0062 6.2287
0.0063 6.2644
0.0063 6.3003
0.0063 6.3364
0.0064 6.3727
0.0064 6.4092
0.0064 6.4460
0.0065 6.4829
0.0065 6.5201
0.0066 6.5575
0.0066 6.5951
0.0066 6.6329
0.0067 6.6709
0.0067 6.7091
0.0067 6.7476
0.0068 6.7863
0.0068 6.8252
0.0069 6.8643
0.0069 6.9037
0.0069 6.9432
0.0070 6.9830
0.0070 7.0231
0.0071 7.0633
0.0071 7.1038
0.0071 7.1445
0.0072 7.1855
0.0072 7.2267
0.0073 7.2681
0.0073 7.3098
0.0074 7.3517
0.0074 7.3938
0.0074 7.4362
0.0075 7.4788
0.0075 7.5217
0.0076 7.5648
0.0076 7.6082
0.0077 7.6518
0.0077 7.6957
0.0077 7.7398
0.0078 7.7842
0.0078 7.8288
0.0079 7.8737
0.0079 7.9188
0.0080 7.9642
0.0080 8.0098
0.0081 8.0558
0.0081 8.1019
0.0081 8.1484
0.0082 8.1951
0.0082 8.2421
0.0083 8.2893
0.0083 8.3368
0.0084 8.3846
0.0084 8.4327
0.0085 8.4810
0.0085 8.5296
0.0086 8.5785
0.0086 8.6277
0.0087 8.6772
0.0087 8.7269
0.0088 8.7769
0.0088 8.8273
0.0089 8.8779
0.0089 8.9288
0.0090 8.9799
0.0090 9.0314
0.0091 9.0832
0.0091 9.1353
0.0092 9.1876
0.0092 9.2403
0.0093 9.2933
0.0093 9.3465
0.0094 9.4001
0.0095 9.4540
0.0095 9.5082
0.0096 9.5627
0.0096 9.6175
0.0097 9.6727
0.0097 9.7281
0.0098 9.7839
0.0098 9.8400
0.0099 9.8964
0.0100 9.9531
0.0100 10.0101
0.0101 10.0675
0.0101 10.1252
0.0102 10.1833
0.0102 10.2417
0.0103 10.3004
0.0104 10.3594
0.0104 10.4188
0.0105 10.4785
0.0105 10.5386
0.0106 10.5990
0.0107 10.6598
0.0107 10.7209
0.0108 10.7823
0.0108 10.8441
0.0109 10.9063
0.0110 10.9688
0.0110 11.0317
0.0111 11.0949
0.0112 11.1585
0.0112 11.2225
0.0113 11.2868
0.0114 11.3515
0.0114 11.4166
0.0115 11.4821
0.0115 11.5479
0.0116 11.6141
0.0117 11.6807
0.0117 11.7476
0.0118 11.8150
0.0119 11.8827
0.0120 11.9508
0.0120 12.0193
0.0121 12.0882
0.0122 12.1575
0.0122 12.2272
0.0123 12.2973
0.0124 12.3678
0.0124 12.4387
0.0125 12.5100
0.0126 12.5817
0.0127 12.6538
0.0127 12.7263
0.0128 12.7992
0.0129 12.8726
0.0129 12.9464
0.0130 13.0206
0.0131 13.0952
0.0132 13.1702
0.0132 13.2457
0.0133 13.3216
0.0134 13.3979
0.0135 13.4746
0.0136 13.5518
0.0136 13.6294
0.0137 13.7075
0.0138 13.7859
0.0139 13.8649
0.0139 13.9442
0.0140 14.0240
0.0141 14.1042
0.0142 14.1849
0.0143 14.2660
0.0143 14.3475
0.0144 14.4295
0.0145 14.5118
0.0146 14.5947
0.0147 14.6779
0.0148 14.7616
0.0149 14.8457
0.0149 14.9303
0.0150 15.0152
0.0151 15.1006
0.0152 15.1863
0.0153 15.2725
0.0154 15.3590
0.0155 15.4460
0.0155 15.5333
0.0156 15.6210
0.0157 15.7090
0.0158 15.7974
0.0159 15.8862
0.0160 15.9753
0.0161 16.0647
0.0162 16.1544
0.0163 16.2444
0.0164 16.3347
0.0165 16.4252
0.0166 16.5160
0.0166 16.6071
0.0167 16.6983
0.0168 16.7898
0.0169 16.8814
0.0170 16.9731
0.0171 17.0650
0.0172 17.1571
0.0173 17.2492
0.0174 17.3413
0.0175 17.4335
0.0176 17.5257
0.0177 17.6179
0.0178 17.7100
0.0179 17.8021
0.0180 17.8940
0.0181 17.9858
0.0182 18.0775
0.0183 18.1689
0.0185 18.2602
0.0186 18.3511
0.0187 18.4417
0.0188 18.5320
0.0189 18.6219
0.0190 18.7115
0.0191 18.8005
0.0192 18.8891
0.0193 18.9771
0.0194 19.0646
0.0195 19.1515
0.0197 19.2378
0.0198 19.3233
0.0199 19.4082
0.0200 19.4922
0.0201 19.5751
0.0202 19.6570
0.0203 19.7380
0.0205 19.8180
0.0206 19.8970
0.0207 19.9750
0.0208 20.0519
0.0209 20.1276
0.0210 20.2022
0.0212 20.2755
0.0213 20.3476
0.0214 20.4184
0.0215 20.4879
0.0217 20.5560
0.0218 20.6227
0.0219 20.6879
0.0220 20.7517
0.0222 20.8140
0.0223 20.8747
0.0224 20.9338
0.0225 20.9913
0.0227 21.0472
0.0228 21.1014
0.0229 21.1539
0.0231 21.2047
0.0232 21.2537
0.0233 21.3009
0.0235 21.3463
0.0236 21.3899
0.0237 21.4316
0.0239 21.4715
0.0240 21.5095
0.0241 21.5455
0.0243 21.5796
0.0244 21.6118
0.0246 21.6420
0.0247 21.6702
0.0248 21.6965
0.0250 21.7207
0.0251 21.7429
0.0253 21.7632
0.0254 21.7814
0.0256 21.7975
0.0257 21.8117
0.0259 21.8238
0.0260 21.8338
0.0262 21.8419
0.0263 21.8478
0.0265 21.8518
0.0266 21.8537
0.0268 21.8536
0.0269 21.8514
0.0271 21.8473
0.0272 21.8411
0.0274 21.8329
0.0275 21.8227
0.0277 21.8106
0.0278 21.7964
0.0280 21.7804
0.0282 21.7623
0.0283 21.7424
0.0285 21.7205
0.0287 21.6967
0.0288 21.6710
0.0290 21.6435
0.0292 21.6141
0.0293 21.5829
0.0295 21.5499
0.0297 21.5151
0.0298 21.4785
0.0300 21.4402
0.0302 21.3979
0.0303 21.3539
0.0305 21.3081
0.0307 21.2607
0.0309 21.2116
0.0310 21.1608
0.0312 21.1085
0.0314 21.0545
0.0316 20.9990
0.0318 20.9420
0.0319 20.8835
0.0321 20.8236
0.0323 20.7622
0.0325 20.6994
0.0327 20.6352
0.0329 20.5697
0.0331 20.5029
0.0332 20.4347
0.0334 20.3654
0.0336 20.2948
0.0338 20.2230
0.0340 20.1500
0.0342 20.0759
0.0344 20.0007
0.0346 19.9245
0.0348 19.8472
0.0350 19.7689
0.0352 19.6896
0.0354 19.6094
0.0356 19.5282
0.0358 19.4462
0.0360 19.3632
0.0362 19.2795
0.0364 19.1950
0.0366 19.1097
0.0369 19.0236
0.0371 18.9369
0.0373 18.8494
0.0375 18.7613
0.0377 18.6726
0.0379 18.5833
0.0381 18.4933
0.0384 18.4029
0.0386 18.3119
0.0388 18.2205
0.0390 18.1285
0.0392 18.0362
0.0395 17.9434
0.0397 17.8502
0.0399 17.7567
0.0401 17.6619
0.0404 17.5662
0.0406 17.4703
0.0408 17.3741
0.0411 17.2776
0.0413 17.1810
0.0416 17.0841
0.0418 16.9871
0.0420 16.8899
0.0423 16.7926
0.0425 16.6952
0.0428 16.5977
0.0430 16.5002
0.0432 16.4026
0.0435 16.3049
0.0437 16.2073
0.0440 16.1096
0.0442 16.0120
0.0445 15.9145
0.0448 15.8170
0.0450 15.7195
0.0453 15.6222
0.0455 15.5250
0.0458 15.4279
0.0461 15.3310
0.0463 15.2342
0.0466 15.1376
0.0469 15.0412
0.0471 14.9449
0.0474 14.8489
0.0477 14.7532
0.0479 14.6576
0.0482 14.5624
0.0485 14.4673
0.0488 14.3726
0.0490 14.2782
0.0493 14.1840
0.0496 14.0902
0.0499 13.9967
0.0502 13.9011
0.0505 39.6108
0.0508 39.5878
0.0510 39.5614
0.0513 39.5315
0.0516 39.4982
0.0519 39.4616
0.0522 39.4216
0.0525 39.3782
0.0528 39.3316
0.0531 39.2817
0.0534 39.2285
0.0537 39.1722
0.0540 39.1127
0.0544 39.0501
0.0547 38.9843
0.0550 38.9155
0.0553 38.8437
0.0556 38.7689
0.0559 38.6911
0.0563 38.6105
0.0566 38.5269
0.0569 38.4406
0.0572 38.3515
0.0576 38.2596
0.0579 38.1651
0.0582 38.0679
0.0586 37.9681
0.0589 37.8658
0.0592 37.7609
0.0596 37.6536
0.0599 37.5439
0.0602 37.4318
0.0606 37.3173
0.0609 37.2005
0.0613 37.0815
0.0616 36.9603
0.0620 36.8370
0.0623 36.7116
0.0627 36.5841
0.0631 36.4546
0.0634 36.3232
0.0638 36.1898
0.0642 36.0545
0.0645 35.9174
0.0649 35.7785
0.0653 35.6379
0.0656 35.4956
0.0660 35.3516
0.0664 35.2060
0.0668 35.0588
0.0672 34.9101
0.0675 34.7599
0.0679 34.6082
0.0683 34.4552
0.0687 34.3008
0.0691 34.1451
0.0695 33.9881
0.0699 33.8298
0.0703 33.6704
0.0707 33.5098
0.0711 33.3482
0.0715 33.1854
0.0719 33.0216
0.0723 32.8568
0.0728 32.6911
0.0732 32.5244
0.0736 32.3568
0.0740 32.1884
0.0744 32.0192
0.0749 31.8493
0.0753 31.6785
0.0757 31.5071
0.0762 31.3351
0.0766 31.1624
0.0770 30.9891
0.0775 30.8152
0.0779 30.6408
0.0784 30.4659
0.0788 30.2906
0.0793 30.1148
0.0797 29.9387
0.0802 29.7621
0.0806 29.5851
0.0811 29.4079
0.0816 29.2304
0.0820 29.0526
0.0825 28.8747
0.0830 28.6967
0.0835 28.5185
0.0839 28.3402
0.0844 28.1619
0.0849 27.9836
0.0854 27.8053
0.0859 27.6271
0.0864 27.4490
0.0869 27.2710
0.0874 27.0931
0.0879 26.9154
0.0884 26.7379
0.0889 26.5607
0.0894 26.3837
0.0899 26.2070
0.0904 26.0306
0.0909 25.8546
0.0914 25.6790
0.0920 25.5037
0.0925 25.3289
0.0930 25.1545
0.0936 24.9806
0.0941 24.8072
0.0946 24.6342
0.0952 24.4619
0.0957 24.2901
0.0963 24.1188
0.0968 23.9482
0.0974 23.7782
0.0979 23.6088
0.0985 23.4401
0.0991 23.2720
0.0996 23.1046
0.1002 22.9380
0.1008 22.7721
0.1014 22.6070
0.1019 22.4426
0.1025 22.2790
0.1031 22.1162
0.1037 21.9541
0.1043 21.7928
0.1049 21.6324
0.1055 21.4727
0.1061 21.3139
0.1067 21.1560
0.1073 20.9988
0.1079 20.8426
0.1086 20.6872
0.1092 20.5326
0.1098 20.3790
0.1104 20.2262
0.1111 20.0744
0.1117 19.9234
0.1123 19.7734
0.1130 19.6242
0.1136 19.4760
0.1143 19.3288
0.1149 19.1824
0.1156 19.0370
0.1163 18.8925
0.1169 18.7490
0.1176 18.6064
0.1183 18.4648
0.1189 18.3241
0.1196 18.1844
0.1203 18.0457
0.1210 17.9079
0.1217 17.7711
0.1224 17.6352
0.1231 17.5004
0.1238 17.3665
0.1245 17.2335
0.1252 17.1016
0.1259 16.9706
0.1267 16.8406
0.1274 16.7116
0.1281 16.5835
0.1289 16.4564
0.1296 16.3303
0.1303 16.2052
0.1311 16.0811
0.1318 15.9579
0.1326 15.8357
0.1334 15.7145
0.1341 15.5942
0.1349 15.4749
0.1357 15.3566
0.1364 15.2393
0.1372 15.1229
0.1380 15.0075
0.1388 14.8930
0.1396 14.7795
0.1404 14.6669
0.1412 14.5553
0.1420 14.4447
0.1428 14.3350
0.1436 14.2262
0.1445 14.1184
0.1453 14.0115
0.1461 13.9056
0.1470 13.8006
0.1478 13.6965
0.1487 13.5934
0.1495 13.4911
0.1504 13.3898
0.1512 13.2894
0.1521 13.1899
0.1530 13.0913
0.1538 12.9936
0.1547 12.8968
0.1556 12.8009
0.1565 12.7059
0.1574 12.6118
0.1583 12.5185
0.1592 12.4261
0.1601 12.3346
0.1610 12.2440
0.1620 12.1542
0.1629 12.0653
0.1638 11.9773
0.1648 11.8900
0.1657 11.8037
0.1667 11.7181
0.1676 11.6334
0.1686 11.5496
0.1695 11.4665
0.1705 11.3843
0.1715 11.3029
0.1725 11.2223
0.1735 11.1425
0.1745 11.0635
0.1755 10.9853
0.1765 10.9078
0.1775 10.8312
0.1785 10.7553
0.1795 10.6803
0.1805 10.6059
0.1816 10.5324
0.1826 10.4596
0.1837 10.3875
0.1847 10.3163
0.1858 10.2457
0.1868 10.1759
0.1879 10.1068
0.1890 10.0384
0.1901 9.9708
0.1912 9.9039
0.1923 9.8377
0.1934 9.7722
0.1945 9.7074
0.1956 9.6433
0.1967 9.5799
0.1978 9.5171
0.1990 9.4551
0.2001 9.3937
0.2013 9.3330
0.2024 9.2729
0.2036 9.2135
0.2047 9.1548
0.2059 9.0967
0.2071 9.0393
0.2083 8.9825
0.2095 8.9263
0.2107 8.8708
0.2119 8.8159
0.2131 8.7616
0.2143 8.7080
0.2155 8.6549
0.2168 8.6025
0.2180 8.5507
0.2193 8.4994
0.2205 8.4488
0.2218 8.3988
0.2231 8.3493
0.2243 8.3005
0.2256 8.2522
0.2269 8.2044
0.2282 8.1573
0.2295 8.1107
0.2308 8.0647
0.2322 8.0192
0.2335 7.9743
0.2348 7.9299
0.2362 7.8861
0.2375 7.8428
0.2389 7.8001
0.2403 7.7578
0.2416 7.7161
0.2430 7.6749
0.2444 7.6343
0.2458 7.5941
0.2472 7.5545
0.2487 7.5153
0.2501 7.4767
0.2515 7.4385
0.2530 7.4008
0.2544 7.3637
0.2559 7.3270
0.2573 7.2908
0.2588 7.2550
0.2603 7.2197
0.2618 7.1849
0.2633 7.1506
0.2648 7.1167
0.2663 7.0833
0.2678 7.0503
0.2694 7.0178
0.2709 6.9857
0.2725 6.9540
0.2740 6.9228
0.2756 6.8920
0.2772 6.8617
0.2788 6.8317
0.2804 6.8022
0.2820 6.7731
0.2836 6.7444
0.2852 6.7162
0.2869 6.6883
0.2885 6.6608
0.2902 6.6337
0.2918 6.6071
0.2935 6.5808
0.2952 6.5549
0.2969 6.5294
0.2986 6.5043
0.3003 6.4795
0.3020 6.4551
